name: mlflow-d33ae8cf20e627574170d133622fb6ca2ff0fb10
channels:
  - conda-forge
  - defaults
dependencies:
  - atomicwrites=1.4.1=pyhd8ed1ab_0
  - attrs=23.1.0=pyh71513ae_1
  - bzip2=1.0.8=h8ffe710_4
  - ca-certificates=2023.5.7=h56e8100_0
  - colorama=0.4.6=pyhd8ed1ab_0
  - iniconfig=2.0.0=pyhd8ed1ab_0
  - intel-openmp=2023.1.0=h57928b3_46319
  - libblas=3.9.0=16_win64_mkl
  - libcblas=3.9.0=16_win64_mkl
  - libffi=3.4.2=h8ffe710_5
  - libhwloc=2.9.1=h51c2c0f_0
  - libiconv=1.17=h8ffe710_0
  - liblapack=3.9.0=16_win64_mkl
  - libsqlite=3.42.0=hcfcfb64_0
  - libxml2=2.10.4=hc3477c8_0
  - libzlib=1.2.13=hcfcfb64_4
  - m2w64-gcc-libgfortran=5.3.0=6
  - m2w64-gcc-libs=5.3.0=7
  - m2w64-gcc-libs-core=5.3.0=7
  - m2w64-gmp=6.1.0=2
  - m2w64-libwinpthread-git=5.0.0.4634.697f757=2
  - mkl=2022.1.0=h6a75c08_874
  - more-itertools=9.1.0=pyhd8ed1ab_0
  - msys2-conda-epoch=20160418=1
  - numpy=1.24.3=py39h816b6a6_0
  - openssl=3.1.0=hcfcfb64_3
  - packaging=23.1=pyhd8ed1ab_0
  - pandas=1.2.3=py39h2e25243_0
  - pip=20.3.3=pyhd8ed1ab_0
  - pluggy=0.13.1=py39hcbf5309_4
  - pthreads-win32=2.9.1=hfa6e2cd_3
  - py=1.11.0=pyh6c4a22f_0
  - pytest=6.2.2=py39hcbf5309_0
  - python=3.9.16=h4de0772_0_cpython
  - python-dateutil=2.8.2=pyhd8ed1ab_0
  - python_abi=3.9=3_cp39
  - pytz=2023.3=pyhd8ed1ab_0
  - scipy=1.6.1=py39hc0c34ad_0
  - setuptools=59.8.0=py39hcbf5309_1
  - six=1.16.0=pyh6c4a22f_0
  - tbb=2021.9.0=h91493d7_0
  - tk=8.6.12=h8ffe710_0
  - toml=0.10.2=pyhd8ed1ab_0
  - tzdata=2023c=h71feb2d_0
  - ucrt=10.0.22621.0=h57928b3_0
  - vc=14.3=hb25d44b_16
  - vc14_runtime=14.34.31931=h5081d32_16
  - vs2015_runtime=14.34.31931=hed1258a_16
  - wheel=0.40.0=pyhd8ed1ab_0
  - xz=5.2.6=h8d14728_0
  - pip:
    - appdirs==1.4.4
    - certifi==2023.5.7
    - charset-normalizer==3.1.0
    - click==8.1.3
    - docker-pycreds==0.4.0
    - gitdb==4.0.10
    - gitpython==3.1.31
    - idna==3.4
    - pathtools==0.1.2
    - protobuf==4.23.1
    - psutil==5.9.5
    - pyyaml==6.0
    - requests==2.31.0
    - sentry-sdk==1.24.0
    - setproctitle==1.3.2
    - smmap==5.0.0
    - typing-extensions==4.6.2
    - urllib3==1.26.16
    - wandb==0.15.3
prefix: C:\Users\gchri\Anaconda3\envs\mlflow-d33ae8cf20e627574170d133622fb6ca2ff0fb10
