name: mlflow-b8802722f4dc0dfecf8dd4c63e03d8e4e5fea5ca
channels:
  - conda-forge
  - defaults
dependencies:
  - abseil-cpp=20210324.2=h0e60522_0
  - arrow-cpp=2.0.0=py39h9cb858f_55_cpu
  - aws-c-cal=0.5.11=he19cf47_0
  - aws-c-common=0.6.2=h8ffe710_0
  - aws-c-event-stream=0.2.7=h70e1b0c_13
  - aws-c-io=0.10.5=h2fe331c_0
  - aws-checksums=0.1.11=h1e232aa_7
  - aws-sdk-cpp=1.8.186=h93d3aa3_4
  - bzip2=1.0.8=h8ffe710_4
  - c-ares=1.19.1=hcfcfb64_0
  - ca-certificates=2023.5.7=h56e8100_0
  - gflags=2.2.2=ha925a31_1004
  - glog=0.5.0=h4797de2_0
  - grpc-cpp=1.41.1=ha2fd154_2
  - intel-openmp=2023.1.0=h57928b3_46319
  - krb5=1.20.1=h6609f42_0
  - libblas=3.9.0=16_win64_mkl
  - libbrotlicommon=1.0.9=hcfcfb64_8
  - libbrotlidec=1.0.9=hcfcfb64_8
  - libbrotlienc=1.0.9=hcfcfb64_8
  - libcblas=3.9.0=16_win64_mkl
  - libcurl=8.1.1=h68f0423_0
  - libffi=3.4.2=h8ffe710_5
  - libhwloc=2.9.1=h51c2c0f_0
  - libiconv=1.17=h8ffe710_0
  - liblapack=3.9.0=16_win64_mkl
  - libprotobuf=3.18.3=h12be248_0
  - libsqlite=3.42.0=hcfcfb64_0
  - libssh2=1.10.0=h680486a_3
  - libthrift=0.15.0=h636ae23_1
  - libutf8proc=2.8.0=h82a8f57_0
  - libxml2=2.10.4=hc3477c8_0
  - libzlib=1.2.13=hcfcfb64_4
  - lz4-c=1.9.3=h8ffe710_1
  - mkl=2022.1.0=h6a75c08_874
  - numpy=1.24.3=py39h816b6a6_0
  - openssl=1.1.1t=hcfcfb64_0
  - pandas=1.2.3=py39h2e25243_0
  - parquet-cpp=1.5.1=2
  - pip=20.3.3=pyhd8ed1ab_0
  - pthreads-win32=2.9.1=hfa6e2cd_3
  - pyarrow=2.0.0=py39ha05331a_55_cpu
  - python=3.9.15=h0269646_0_cpython
  - python-dateutil=2.8.2=pyhd8ed1ab_0
  - python_abi=3.9=3_cp39
  - pytz=2023.3=pyhd8ed1ab_0
  - re2=2021.11.01=h0e60522_0
  - setuptools=59.8.0=py39hcbf5309_1
  - six=1.16.0=pyh6c4a22f_0
  - snappy=1.1.10=hfb803bf_0
  - tbb=2021.9.0=h91493d7_0
  - tk=8.6.12=h8ffe710_0
  - tzdata=2023c=h71feb2d_0
  - ucrt=10.0.22621.0=h57928b3_0
  - vc=14.3=hb25d44b_16
  - vc14_runtime=14.34.31931=h5081d32_16
  - vs2015_runtime=14.34.31931=hed1258a_16
  - wheel=0.40.0=pyhd8ed1ab_0
  - xz=5.2.6=h8d14728_0
  - zlib=1.2.13=hcfcfb64_4
  - zstd=1.5.2=h12be248_6
  - pip:
    - appdirs==1.4.4
    - certifi==2023.5.7
    - charset-normalizer==3.1.0
    - click==8.1.3
    - colorama==0.4.6
    - docker-pycreds==0.4.0
    - gitdb==4.0.10
    - gitpython==3.1.31
    - idna==3.4
    - pathtools==0.1.2
    - protobuf==4.23.1
    - psutil==5.9.5
    - pyyaml==6.0
    - requests==2.31.0
    - sentry-sdk==1.24.0
    - setproctitle==1.3.2
    - smmap==5.0.0
    - typing-extensions==4.6.2
    - urllib3==1.26.16
    - wandb==0.15.3
prefix: C:\Users\gchri\Anaconda3\envs\mlflow-b8802722f4dc0dfecf8dd4c63e03d8e4e5fea5ca
