name: mlflow-9085c1427c0648a7ea344731f6b1659940b0291f
channels:
  - conda-forge
  - defaults
dependencies:
  - brotli=1.0.9=hcfcfb64_8
  - brotli-bin=1.0.9=hcfcfb64_8
  - bzip2=1.0.8=h8ffe710_4
  - ca-certificates=2023.5.7=h56e8100_0
  - certifi=2023.5.7=pyhd8ed1ab_0
  - charset-normalizer=3.1.0=pyhd8ed1ab_0
  - idna=3.4=pyhd8ed1ab_0
  - intel-openmp=2023.1.0=h57928b3_46319
  - joblib=1.2.0=pyhd8ed1ab_0
  - libblas=3.9.0=16_win64_mkl
  - libbrotlicommon=1.0.9=hcfcfb64_8
  - libbrotlidec=1.0.9=hcfcfb64_8
  - libbrotlienc=1.0.9=hcfcfb64_8
  - libcblas=3.9.0=16_win64_mkl
  - libffi=3.4.2=h8ffe710_5
  - libhwloc=2.9.1=h51c2c0f_0
  - libiconv=1.17=h8ffe710_0
  - liblapack=3.9.0=16_win64_mkl
  - libsqlite=3.42.0=hcfcfb64_0
  - libxml2=2.10.4=hc3477c8_0
  - libzlib=1.2.13=hcfcfb64_4
  - m2w64-gcc-libgfortran=5.3.0=6
  - m2w64-gcc-libs=5.3.0=7
  - m2w64-gcc-libs-core=5.3.0=7
  - m2w64-gmp=6.1.0=2
  - m2w64-libwinpthread-git=5.0.0.4634.697f757=2
  - mkl=2022.1.0=h6a75c08_874
  - msys2-conda-epoch=20160418=1
  - numpy=1.24.3=py39h816b6a6_0
  - openssl=3.1.0=hcfcfb64_3
  - packaging=23.1=pyhd8ed1ab_0
  - pandas=1.2.3=py39h2e25243_0
  - pip=20.3.3=pyhd8ed1ab_0
  - platformdirs=3.5.1=pyhd8ed1ab_0
  - pooch=1.7.0=pyha770c72_3
  - pthreads-win32=2.9.1=hfa6e2cd_3
  - pysocks=1.7.1=pyh0701188_6
  - python=3.9.16=h4de0772_0_cpython
  - python-dateutil=2.8.2=pyhd8ed1ab_0
  - python_abi=3.9=3_cp39
  - pytz=2023.3=pyhd8ed1ab_0
  - requests=2.31.0=pyhd8ed1ab_0
  - scikit-learn=0.24.1=py39he931e04_0
  - scipy=1.10.1=py39hde5eda1_3
  - setuptools=59.8.0=py39hcbf5309_1
  - six=1.16.0=pyh6c4a22f_0
  - tbb=2021.9.0=h91493d7_0
  - threadpoolctl=3.1.0=pyh8a188c0_0
  - tk=8.6.12=h8ffe710_0
  - typing-extensions=4.6.2=hd8ed1ab_0
  - typing_extensions=4.6.2=pyha770c72_0
  - tzdata=2023c=h71feb2d_0
  - ucrt=10.0.22621.0=h57928b3_0
  - vc=14.3=hb25d44b_16
  - vc14_runtime=14.34.31931=h5081d32_16
  - vs2015_runtime=14.34.31931=hed1258a_16
  - wheel=0.40.0=pyhd8ed1ab_0
  - win_inet_pton=1.1.0=pyhd8ed1ab_6
  - xz=5.2.6=h8d14728_0
  - pip:
    - appdirs==1.4.4
    - click==8.1.3
    - colorama==0.4.6
    - docker-pycreds==0.4.0
    - gitdb==4.0.10
    - gitpython==3.1.31
    - pathtools==0.1.2
    - protobuf==4.23.1
    - psutil==5.9.5
    - pyyaml==6.0
    - sentry-sdk==1.24.0
    - setproctitle==1.3.2
    - smmap==5.0.0
    - urllib3==1.26.16
    - wandb==0.15.3
prefix: C:\Users\gchri\Anaconda3\envs\mlflow-9085c1427c0648a7ea344731f6b1659940b0291f
